% some physical constants

u0 = 4*pi*1e-7;
e0 = 8.845e-12;
vp = sqrt(1/(u0*e0));
RE = 6370000;
QE = 1.6e-19;
ME = 9.11e-31;
MI = 5.0e-26;       % NO ion
MP = 1.6726e-27;
kB = 1.38065e-23;